0 0.554303 0.643803 0.274701 0.177826
0 0.679203 0.580487 0.0233568 0.0611476
0 0.54871 0.642715 0.276859 0.179266
0 0.675873 0.567425 0.0218458 0.0379921
0 0.549424 0.644848 0.27811 0.180314
0 0.677015 0.577412 0.0230927 0.0546534
0 0.676681 0.569913 0.0215774 0.0392462
0 0.547951 0.64506 0.27821 0.178144
0 0.672848 0.589362 0.0285272 0.0510803
0 0.547018 0.646121 0.277517 0.178723
0 0.672517 0.581935 0.0263372 0.0602079
0 0.54608 0.646016 0.27784 0.179654
0 0.671523 0.588442 0.0259165 0.0484772
0 0.545937 0.644763 0.279082 0.179588
0 0.671778 0.585374 0.0265318 0.050747
0 0.547558 0.644543 0.277237 0.179837
0 0.546486 0.645719 0.27799 0.179755
0 0.67141 0.584856 0.0257822 0.0574707
0 0.54397 0.650068 0.277145 0.180886
0 0.670259 0.581241 0.0245082 0.0554925
0 0.542007 0.651624 0.279708 0.181128
0 0.669506 0.584382 0.0242954 0.0547656
0 0.668235 0.600992 0.0269021 0.0805847
0 0.539828 0.652479 0.279167 0.180469
0 0.53833 0.65454 0.282702 0.18357
0 0.665181 0.583031 0.0231119 0.050879
0 0.538691 0.653258 0.280766 0.181215
0 0.665408 0.582467 0.0235966 0.050891
0 0.537378 0.651692 0.280185 0.181473
0 0.66516 0.583322 0.0249509 0.0577001
0 0.536009 0.648159 0.279871 0.179528
0 0.663968 0.579444 0.0221422 0.0554049
0 0.5327 0.64772 0.27987 0.180261
0 0.660558 0.581193 0.0231128 0.0622538
0 0.5329 0.648669 0.279404 0.180315
0 0.658893 0.578093 0.0246911 0.0536413
0 0.530393 0.649085 0.280992 0.178687
0 0.658171 0.57738 0.0241072 0.0502681
0 0.52962 0.649498 0.280288 0.180666
0 0.657184 0.574565 0.0236393 0.0461329
0 0.528048 0.646253 0.281803 0.177879
0 0.656097 0.579481 0.0245119 0.0563019
0 0.657113 0.570375 0.0205132 0.0374874
0 0.528336 0.644084 0.281499 0.180999
0 0.654998 0.57537 0.0246675 0.0557888
0 0.526195 0.635954 0.280892 0.183337
0 0.651683 0.577336 0.027795 0.0476349
0 0.528705 0.62221 0.283998 0.18184
0 0.532227 0.612159 0.297223 0.193617
0 0.533956 0.594271 0.311362 0.200558
0 0.676437 0.515402 0.0253792 0.0549629
0 0.522586 0.576884 0.331468 0.212545
0 0.508435 0.559796 0.35106 0.220173
0 0.669102 0.477366 0.0300209 0.0684118
0 0.496962 0.547452 0.368893 0.233608
0 0.665397 0.459705 0.0321234 0.0684783
0 0.48825 0.532409 0.382043 0.2402
0 0.663813 0.432613 0.0315506 0.0539589
0 0.47987 0.503427 0.390858 0.24208
0 0.659035 0.407679 0.0331666 0.0634933
0 0.244875 0.556005 0.0140558 0.0408583
0 0.476146 0.48735 0.392979 0.24522
0 0.656082 0.392607 0.0329397 0.0680893
0 0.472181 0.487808 0.397093 0.248647
0 0.655086 0.390948 0.0322685 0.0682024
0 0.102574 0.540459 0.0497169 0.0722941
0 0.652962 0.450518 0.0367942 0.182139
0 0.470027 0.486796 0.39953 0.250337
0 0.466879 0.468418 0.403935 0.256003
0 0.652474 0.366817 0.0349464 0.066001
0 0.652233 0.383148 0.035737 0.0988257
0 0.651519 0.417441 0.0376197 0.165547
0 0.466139 0.458637 0.41345 0.258613
0 0.65735 0.357507 0.0335718 0.073194
0 0.467872 0.446083 0.418189 0.260606
0 0.659516 0.346575 0.0358593 0.0796795
0 0.468216 0.439672 0.418667 0.261709
0 0.661736 0.336527 0.0359554 0.0705471
0 0.471252 0.438945 0.423232 0.266312
0 0.472193 0.441714 0.423826 0.267224
0 0.669041 0.374054 0.0354823 0.144579
0 0.66938 0.339768 0.0348742 0.0758174
0 0.471544 0.440435 0.426866 0.267477
0 0.668889 0.334765 0.0357512 0.0656502
0 0.471313 0.445492 0.425474 0.265053
0 0.667544 0.341787 0.03582 0.0748124
0 0.666686 0.386226 0.0365745 0.164126
0 0.471986 0.445024 0.425531 0.266821
0 0.474463 0.446357 0.420489 0.2622
0 0.472665 0.448819 0.42029 0.261854
0 0.665086 0.385924 0.0373363 0.149547
0 0.666477 0.365893 0.03605 0.11047
0 0.468367 0.445965 0.42165 0.264081
0 0.662981 0.35177 0.0357642 0.084701
0 0.661222 0.393447 0.0360687 0.166257
0 0.466601 0.456033 0.424814 0.264935
0 0.661655 0.358153 0.0362642 0.0762407
0 0.458513 0.484 0.430604 0.26984
0 0.658047 0.38617 0.0357712 0.0839072
0 0.44256 0.520893 0.441822 0.278646
0 0.438497 0.539316 0.447083 0.279663
0 0.44232 0.544862 0.444712 0.277968
0 0.649238 0.444263 0.0377415 0.0818981
0 0.440864 0.546422 0.446867 0.278294
0 0.436377 0.547219 0.446763 0.277516
0 0.643215 0.445902 0.0390059 0.0808935
0 0.435791 0.547978 0.446762 0.277225
0 0.43852 0.548804 0.446914 0.277044
0 0.434103 0.548646 0.448122 0.279702
0 0.435866 0.550052 0.447176 0.278047
0 0.435132 0.549564 0.443099 0.276131
0 0.637891 0.48725 0.0414535 0.148787
0 0.640142 0.452666 0.0387218 0.0846691
0 0.433319 0.547554 0.444141 0.276981
0 0.637601 0.447274 0.0379202 0.0770157
0 0.43644 0.548666 0.443399 0.278033
0 0.640726 0.45029 0.0372549 0.0816146
0 0.4374 0.550643 0.442693 0.276442
0 0.0235917 0.601454 0.0471834 0.0700366
0 0.437959 0.554092 0.44381 0.276945
0 0.428107 0.560383 0.446296 0.274943
0 0.0189375 0.604738 0.0378749 0.0897279
0 0.219749 0.557038 0.029247 0.0424736
0 0.419538 0.559251 0.445407 0.273963
0 0.624141 0.459817 0.0380852 0.080851
0 0.0160914 0.608186 0.0321827 0.078788
0 0.419877 0.553059 0.442139 0.274677
0 0.0169904 0.602547 0.0339808 0.0798135
0 0.422293 0.552916 0.440511 0.272543
0 0.0198201 0.603563 0.0396402 0.0759532
0 0.458294 0.55324 0.434284 0.266538
0 0.51654 0.557243 0.416041 0.257792
0 0.572021 0.543211 0.403869 0.247541
0 0.606225 0.534903 0.394332 0.249549
0 0.936403 0.480602 0.127037 0.187588
0 0.629828 0.536513 0.38975 0.250298
0 0.941062 0.481163 0.117752 0.185196
0 0.808349 0.446388 0.0345955 0.0601611
0 0.64579 0.540039 0.383845 0.247022
0 0.941079 0.480031 0.117842 0.181831
0 0.82206 0.4657 0.0347652 0.0651375
0 0.903223 0.499975 0.193554 0.221372
0 0.670896 0.538272 0.381628 0.244645
0 0.688402 0.534813 0.382185 0.245914
0 0.923194 0.500758 0.153611 0.212572
0 0.866101 0.446191 0.035379 0.060372
0 0.884122 0.457346 0.0725441 0.0846673
0 0.695509 0.5312 0.382024 0.244149
0 0.925378 0.500258 0.148973 0.218817
0 0.870525 0.448883 0.0356489 0.0705499
0 0.693784 0.53042 0.383792 0.244443
0 0.959687 0.499127 0.080423 0.216461
0 0.922592 0.501334 0.154816 0.221389
0 0.687152 0.533636 0.38254 0.246928
0 0.922799 0.488552 0.154402 0.190754
0 0.68636 0.538159 0.382583 0.244087
0 0.922064 0.478246 0.155872 0.177701
0 0.95211 0.47623 0.095713 0.175455
0 0.686856 0.537312 0.384823 0.244233
0 0.862262 0.445596 0.0350763 0.0529966
0 0.685622 0.537407 0.385082 0.245438
0 0.956847 0.501272 0.0861689 0.218865
0 0.682165 0.537218 0.382194 0.244571
0 0.921041 0.481784 0.157918 0.180163
0 0.682899 0.535835 0.383852 0.24335
0 0.858281 0.444529 0.0352375 0.0508353
0 0.680912 0.532897 0.383797 0.245134
0 0.681998 0.534771 0.388144 0.24385
0 0.675702 0.534492 0.382156 0.24375
0 0.674542 0.529072 0.381251 0.243937
0 0.671529 0.529804 0.380776 0.244049
0 0.663142 0.539838 0.3763 0.244438
0 0.654135 0.548769 0.383062 0.240457
0 0.868288 0.468537 0.105815 0.0820103
0 0.657206 0.544774 0.383645 0.241499
0 0.662534 0.548129 0.382556 0.242066
0 0.663806 0.550929 0.385175 0.242836
0 0.818992 0.600406 0.0299248 0.0660929
0 0.658575 0.550528 0.389037 0.243389
0 0.837398 0.469309 0.0362518 0.0741927
0 0.656766 0.5538 0.388581 0.244397
0 0.656252 0.556595 0.386641 0.244288
0 0.649903 0.550022 0.386154 0.243045
0 0.829935 0.457552 0.0318344 0.0506561
0 0.644468 0.550935 0.386329 0.242877
0 0.823367 0.471024 0.0337593 0.0742599
0 0.641304 0.55062 0.389682 0.243619
0 0.903879 0.502476 0.192242 0.2303
0 0.941835 0.48106 0.116111 0.184336
0 0.820622 0.459823 0.0330694 0.052011
0 0.81997 0.471718 0.0337772 0.0758325
0 0.641492 0.547691 0.387927 0.242971
0 0.941781 0.481823 0.116264 0.189062
0 0.820285 0.46985 0.0340536 0.0790154
0 0.643804 0.547293 0.384888 0.243024
0 0.643218 0.547388 0.387389 0.241917
0 0.942018 0.48161 0.115854 0.1867
0 0.819874 0.47205 0.0349297 0.071639
0 0.82095 0.459323 0.0338329 0.0579904
0 0.642282 0.54673 0.386094 0.243821
0 0.94147 0.484312 0.11706 0.19252
0 0.910119 0.505662 0.179762 0.239482
0 0.638813 0.546816 0.387233 0.243805
0 0.817663 0.452688 0.0329243 0.0485589
0 0.940012 0.484552 0.119976 0.19361
0 0.817073 0.46473 0.0335072 0.0745037
0 0.63812 0.543589 0.386736 0.245353
0 0.93964 0.480788 0.120555 0.185307
0 0.815347 0.46132 0.0343273 0.0683891
0 0.636483 0.547358 0.38544 0.243591
0 0.815625 0.45202 0.0323437 0.0454585
0 0.940249 0.482772 0.119261 0.191508
0 0.634151 0.549531 0.387707 0.243032
0 0.940542 0.480783 0.118774 0.187435
0 0.633523 0.550386 0.388634 0.241817
0 0.940818 0.481339 0.118218 0.186268
0 0.813927 0.468155 0.0342138 0.068224
0 0.631667 0.549468 0.386661 0.242823
0 0.940447 0.482483 0.118931 0.189673
0 0.810983 0.466027 0.0340691 0.070863
0 0.634033 0.548927 0.38654 0.241976
0 0.940777 0.479814 0.118234 0.183146
0 0.637506 0.548095 0.385721 0.242195
0 0.816169 0.452206 0.0298752 0.0425899
0 0.940404 0.479388 0.118959 0.183596
0 0.631924 0.549537 0.387818 0.242295
0 0.811186 0.455964 0.0331432 0.0479744
0 0.940388 0.480808 0.119036 0.185388
0 0.626972 0.548344 0.38428 0.241784
0 0.939144 0.48215 0.121527 0.188644
0 0.805374 0.466048 0.0327402 0.0659131
0 0.629867 0.548489 0.383945 0.243232
0 0.556579 0.5 0.836779 1
0 0.939298 0.479717 0.121136 0.185551
0 0.807574 0.468359 0.0337971 0.0699514
0 0.633821 0.550976 0.384157 0.242111
0 0.811749 0.470545 0.0340509 0.0701627
0 0.940112 0.481814 0.119619 0.189663
0 0.629773 0.55514 0.384049 0.24337
0 0.94056 0.482804 0.118714 0.188681
0 0.631674 0.556984 0.383761 0.245708
0 0.937197 0.48427 0.125605 0.192067
0 0.561139 0.5 0.846576 1
0 0.631335 0.558735 0.384216 0.247304
0 0.809667 0.468135 0.0343691 0.0517706
0 0.937958 0.481618 0.123852 0.189228
0 0.634575 0.558212 0.383228 0.245734
0 0.940317 0.480341 0.119183 0.184614
0 0.812543 0.467329 0.0336153 0.0485748
0 0.637834 0.559403 0.38432 0.244375
0 0.816191 0.464935 0.0316895 0.046233
0 0.814911 0.471901 0.0338143 0.0479438
0 0.940356 0.481848 0.119096 0.186069
0 0.814375 0.495413 0.0335016 0.0609041
0 0.636493 0.560809 0.387008 0.245781
0 0.940366 0.481625 0.119062 0.186287
0 0.81436 0.472593 0.0337509 0.047923
0 0.558223 0.500225 0.845756 0.999551
0 0.813176 0.520187 0.0349413 0.0602005
0 0.63949 0.562503 0.383651 0.244669
0 0.817598 0.488836 0.0349167 0.0823095
0 0.940602 0.482496 0.118656 0.184084
0 0.643919 0.564972 0.384973 0.244962
0 0.821701 0.48079 0.0353279 0.0601973
0 0.820145 0.497893 0.0343493 0.0703616
0 0.643203 0.569014 0.386181 0.243545
0 0.818734 0.517272 0.0340216 0.037009
0 0.639789 0.567106 0.387616 0.245378
0 0.818129 0.475861 0.0342777 0.0477905
0 0.940881 0.480715 0.118091 0.184083
0 0.816807 0.514838 0.0339672 0.039315
0 0.646198 0.571861 0.385668 0.24944
0 0.647695 0.578317 0.386904 0.247722
0 0.827819 0.499517 0.0345491 0.0726474
0 0.645381 0.574265 0.386226 0.247538
0 0.825514 0.481532 0.0332546 0.0455179
0 0.561764 0.50129 0.844741 0.99742
0 0.645997 0.574069 0.384166 0.248827
0 0.825861 0.482373 0.0335609 0.0471546
0 0.64835 0.575631 0.386773 0.249922
0 0.910682 0.506794 0.178637 0.243367
0 0.660105 0.580976 0.387674 0.248896
0 0.666362 0.582233 0.387358 0.247478
0 0.847029 0.494457 0.0357306 0.0564214
0 0.663454 0.582283 0.387957 0.246874
