0 0.35029 0.880725 0.154439 0.238235
0 0.489273 0.984609 0.119024 0.0297806
0 0.501225 0.589373 0.274823 0.17667
0 0.497305 0.57936 0.283847 0.17816
0 0.478706 0.5613 0.294633 0.18241
0 0.472796 0.566061 0.304636 0.200928
0 0.612192 0.513968 0.026923 0.0570988
0 0.36048 0.516279 0.573587 0.967443
0 0.615419 0.488724 0.0209754 0.0411121
0 0.479706 0.577745 0.306162 0.201052
0 0.363131 0.525218 0.550744 0.949565
0 0.477648 0.581275 0.311358 0.20311
0 0.362606 0.531879 0.555811 0.936241
0 0.535888 0.61175 0.331018 0.212553
0 0.540795 0.604273 0.333627 0.211209
0 0.693498 0.539422 0.0284877 0.0536842
0 0.695049 0.52985 0.0276068 0.0617934
0 0.697127 0.522605 0.0246002 0.0498255
0 0.545289 0.585049 0.342769 0.21499
0 0.702372 0.5143 0.0331196 0.0709663
0 0.550257 0.556591 0.344628 0.217984
0 0.54467 0.515624 0.344325 0.219632
0 0.24592 0.964995 0.152643 0.0691144
0 0.703448 0.45082 0.0331286 0.0622496
0 0.273563 0.961389 0.201113 0.0772231
0 0.538701 0.487068 0.349256 0.220023
0 0.240801 0.949386 0.169644 0.101228
0 0.27229 0.941104 0.232771 0.117791
0 0.54649 0.491351 0.347934 0.223539
0 0.243844 0.956081 0.165596 0.0867889
0 0.493229 0.500746 0.972591 0.998507
0 0.707769 0.405993 0.0287664 0.0450719
0 0.547246 0.50406 0.353297 0.225849
0 0.712686 0.416283 0.0282605 0.040679
0 0.48993 0.500982 0.95531 0.998036
0 0.235871 0.963623 0.155003 0.0716896
0 0.54262 0.503392 0.355373 0.223585
0 0.236032 0.96214 0.162723 0.0757196
0 0.248912 0.951694 0.188404 0.0964737
0 0.302938 0.952775 0.241742 0.0942632
0 0.708527 0.418976 0.0284286 0.0461264
0 0.54348 0.495734 0.353569 0.225568
0 0.244233 0.957902 0.174237 0.0832306
0 0.709423 0.412731 0.0273404 0.0413599
0 0.275146 0.951448 0.23794 0.0971045
0 0.501118 0.5 0.96143 1
0 0.549414 0.495382 0.351838 0.222096
0 0.244985 0.953878 0.166787 0.0922449
0 0.712611 0.413747 0.0282888 0.0400377
0 0.265894 0.945913 0.208576 0.108125
0 0.392643 0.485719 0.0451787 0.0705699
0 0.558741 0.481984 0.35419 0.219223
0 0.244079 0.947449 0.161622 0.105102
0 0.585952 0.985643 0.137975 0.0278425
0 0.722604 0.405825 0.031067 0.0555354
0 0.57176 0.419151 0.375996 0.230143
0 0.224564 0.923881 0.176292 0.1518
0 0.341206 0.921991 0.0939382 0.155888
0 0.564598 0.365874 0.42085 0.262958
0 0.182136 0.921191 0.190968 0.157581
0 0.764176 0.279626 0.0383329 0.0580009
0 0.334706 0.915969 0.152487 0.167787
0 0.553807 0.973687 0.240491 0.0516332
0 0.762875 0.29259 0.0410034 0.0865193
0 0.56989 0.372115 0.445585 0.277748
0 0.17229 0.940956 0.192686 0.118088
0 0.77715 0.28988 0.0395087 0.0881162
0 0.579989 0.398608 0.460802 0.283156
0 0.171343 0.955977 0.207036 0.0879069
0 0.199496 0.94723 0.257879 0.105319
0 0.592602 0.397148 0.464558 0.286404
0 0.162653 0.953617 0.205187 0.0927653
0 0.812797 0.305742 0.0442141 0.0651218
0 0.811971 0.320107 0.0461267 0.0939496
0 0.585223 0.407044 0.466677 0.28666
0 0.143159 0.957614 0.184506 0.0836529
0 0.809232 0.330176 0.041543 0.0842987
0 0.57662 0.426842 0.469159 0.288578
0 0.800178 0.356088 0.0435894 0.093317
0 0.571948 0.428865 0.46217 0.284302
0 0.129095 0.965629 0.184228 0.0676514
0 0.577146 0.430409 0.452213 0.278276
0 0.752748 0.0161194 0.114829 0.0322388
0 0.141479 0.963341 0.188886 0.0722148
0 0.576538 0.432591 0.448088 0.276663
0 0.792435 0.34842 0.0402408 0.0564321
0 0.149809 0.964729 0.180397 0.0694244
0 0.578726 0.436444 0.441346 0.274894
0 0.156193 0.963713 0.182176 0.071534
0 0.581216 0.448269 0.433224 0.270125
0 0.580721 0.457178 0.430548 0.267252
0 0.786687 0.375499 0.0395668 0.0590118
0 0.785713 0.389709 0.0417862 0.0890774
0 0.585412 0.467899 0.432781 0.271495
0 0.613626 0.498143 0.428869 0.26384
0 0.623867 0.526481 0.413444 0.259114
0 0.454471 0.517976 0.421498 0.252241
0 0.391711 0.517244 0.443326 0.2623
0 0.354582 0.563616 0.458708 0.293088
0 0.36759 0.620201 0.461669 0.297455
0 0.386876 0.654558 0.45936 0.288252
0 0.391501 0.657725 0.449089 0.284931
0 0.402667 0.671526 0.455189 0.280686
0 0.00830148 0.732662 0.016603 0.0751755
0 0.417882 0.680115 0.460006 0.28275
0 0.62907 0.580357 0.0417637 0.092211
0 0.424757 0.67788 0.458101 0.284798
0 0.0160963 0.738506 0.0321926 0.0727351
0 0.428778 0.67902 0.456739 0.284389
0 0.0182868 0.731909 0.0365735 0.0846451
0 0.638938 0.574024 0.0415682 0.0795914
0 0.442729 0.692315 0.458554 0.283204
0 0.654243 0.590854 0.0423463 0.0863672
0 0.452844 0.70601 0.465819 0.285483
0 0.458011 0.716534 0.466734 0.284509
0 0.447302 0.720694 0.470056 0.287245
0 0.41783 0.729902 0.473286 0.286974
0 0.00957467 0.78298 0.0191493 0.0748198
0 0.403984 0.729455 0.475716 0.289675
0 0.6262 0.629525 0.0426079 0.088428
0 0.398717 0.727906 0.480506 0.288121
0 0.36211 0.724902 0.485918 0.29017
0 0.593545 0.630375 0.0453335 0.0911219
0 0.337485 0.726223 0.4867 0.293628
0 0.324507 0.723144 0.481091 0.290035
0 0.306356 0.713738 0.482822 0.291214
0 0.292447 0.717887 0.487396 0.292783
0 0.520913 0.623523 0.0399637 0.0938928
0 0.322426 0.723983 0.489043 0.292071
0 0.549399 0.709006 0.470689 0.284995
0 0.657117 0.724303 0.476456 0.301745
0 0.481321 0.500911 0.773065 0.995573
0 0.744185 0.747567 0.470272 0.294517
0 0.609015 0.797505 0.770106 0.404991
0 0.769903 0.734381 0.460194 0.287525
0 0.774452 0.723518 0.451095 0.287052
0 0.766072 0.743347 0.467855 0.287497
0 0.766813 0.77007 0.466374 0.287727
0 0.771839 0.771224 0.456321 0.274995
0 0.741412 0.731101 0.44593 0.266778
0 0.731535 0.816208 0.0499533 0.0921199
0 0.712804 0.688698 0.417931 0.247362
0 0.699593 0.652313 0.385719 0.239095
0 0.710262 0.651212 0.373371 0.235857
0 0.727589 0.655577 0.375147 0.227378
0 0.902814 0.59237 0.0372118 0.0740524
0 0.73471 0.650185 0.375295 0.235576
0 0.911473 0.582759 0.0341621 0.0676267
0 0.740573 0.635747 0.376842 0.226901
0 0.919576 0.561052 0.0337545 0.0450778
0 0.745604 0.620753 0.37531 0.227253
0 0.610917 0.509691 0.756116 0.980158
0 0.748478 0.606132 0.372387 0.22502
0 0.74957 0.602998 0.374315 0.223398
0 0.752164 0.608158 0.373577 0.221632
0 0.759277 0.614003 0.371844 0.229569
0 0.7582 0.609427 0.3724 0.225724
0 0.756106 0.607492 0.37073 0.228219
0 0.753386 0.610304 0.373142 0.226597
0 0.743934 0.613907 0.377162 0.229303
0 0.734457 0.618033 0.376348 0.230428
0 0.726419 0.61971 0.377288 0.23279
0 0.72673 0.615322 0.375653 0.23196
0 0.731392 0.608161 0.37324 0.227418
0 0.731363 0.604382 0.367226 0.230358
0 0.909421 0.525306 0.033366 0.0469565
0 0.728948 0.606607 0.368235 0.227804
0 0.725118 0.613373 0.370559 0.230528
0 0.734173 0.614819 0.371474 0.231588
0 0.743261 0.61517 0.38033 0.236728
0 0.751947 0.616678 0.386789 0.237549
0 0.759085 0.631386 0.396139 0.250031
0 0.758613 0.643559 0.400011 0.252452
0 0.740737 0.643666 0.404683 0.25547
0 0.688876 0.661255 0.419691 0.262667
0 0.656124 0.71117 0.445863 0.281876
0 0.639547 0.758462 0.466211 0.286589
0 0.610555 0.774246 0.479341 0.295639
0 0.585799 0.784793 0.484483 0.300051
0 0.573332 0.812191 0.498915 0.304607
0 0.584474 0.830637 0.505575 0.310431
0 0.597136 0.831486 0.508392 0.310443
0 0.901318 0.756022 0.190459 0.172722
0 0.597582 0.835129 0.508978 0.310905
0 0.611293 0.833997 0.510555 0.312312
0 0.625972 0.818165 0.504774 0.304685
0 0.627476 0.810041 0.500844 0.298857
0 0.622172 0.79094 0.504232 0.305044
0 0.608333 0.758583 0.480068 0.291262
0 0.605901 0.740975 0.473272 0.288588
0 0.825082 0.633403 0.0449745 0.0878919
0 0.60494 0.734938 0.4646 0.280688
0 0.604261 0.726345 0.455632 0.281948
0 0.60395 0.71855 0.452827 0.278381
0 0.813498 0.612317 0.0414276 0.0778542
0 0.60198 0.708537 0.445876 0.273505
0 0.936751 0.758834 0.125844 0.18646
0 0.597655 0.698011 0.438041 0.271631
0 0.595987 0.695338 0.437933 0.266573
0 0.596982 0.696441 0.437102 0.267986
0 0.935996 0.757677 0.127262 0.185646
0 0.598553 0.696661 0.436299 0.270276
0 0.935625 0.758648 0.128751 0.187053
0 0.599043 0.696097 0.435358 0.268329
0 0.604396 0.70185 0.43824 0.270838
0 0.809233 0.592743 0.038468 0.0660858
0 0.606766 0.704098 0.442397 0.274908
0 0.604737 0.70636 0.439537 0.273422
0 0.610171 0.711135 0.440797 0.275395
0 0.612703 0.711896 0.442515 0.273585
0 0.614701 0.71452 0.441422 0.274703
0 0.619435 0.718067 0.441626 0.273348
0 0.623222 0.721406 0.441094 0.273596
0 0.625332 0.718651 0.443134 0.2726
0 0.623187 0.7207 0.441514 0.273378
0 0.624922 0.720049 0.443572 0.273148
0 0.626189 0.723422 0.442969 0.272871
0 0.631457 0.722849 0.443446 0.272466
0 0.630244 0.720756 0.444198 0.272606
0 0.631945 0.719338 0.441009 0.272666
0 0.636585 0.720163 0.441223 0.274773
0 0.638663 0.718751 0.44485 0.272294
0 0.63626 0.716863 0.442032 0.276033
0 0.639382 0.716541 0.446428 0.274897
0 0.643084 0.72155 0.446049 0.273013
0 0.640347 0.721123 0.443062 0.274487
0 0.641137 0.722375 0.444875 0.271511
0 0.639499 0.722461 0.441401 0.275907
0 0.637425 0.721886 0.442022 0.272241
0 0.640558 0.721705 0.445875 0.275385
0 0.640535 0.72009 0.447114 0.274063
0 0.640367 0.722898 0.444535 0.274767
0 0.643939 0.722156 0.440635 0.275446
0 0.64365 0.720134 0.446793 0.268238
0 0.641209 0.722427 0.44408 0.274405
0 0.637695 0.724122 0.441434 0.278911
0 0.637393 0.723084 0.439704 0.277673
0 0.647251 0.723908 0.440317 0.276582
0 0.661554 0.723015 0.443948 0.274671
0 0.665729 0.722313 0.443849 0.274926
0 0.675777 0.720992 0.443203 0.273496
0 0.676834 0.710629 0.44815 0.274272
