0 0.0186336 0.569703 0.0371141 0.467151
0 0.0179141 0.654215 0.0358235 0.441204
0 0.0217536 0.722742 0.0432572 0.554515
0 0.0260811 0.718358 0.0520189 0.522444
0 0.0324519 0.719817 0.0644584 0.526996
0 0.0343105 0.72789 0.0679872 0.54422
0 0.0313701 0.71128 0.0623958 0.543727
0 0.0289863 0.715515 0.0576581 0.556417
0 0.0323231 0.701166 0.0642026 0.540647
0 0.0368458 0.699668 0.0736917 0.597869
0 0.0423633 0.697126 0.0847267 0.605749
0 0.0671571 0.700632 0.134314 0.598736
0 0.157889 0.450346 0.315778 0.535743
0 0.187662 0.423509 0.375325 0.67379
0 0.249956 0.457193 0.384615 0.914387
0 0.315758 0.495956 0.40882 0.991294
0 0.38975 0.501361 0.421755 0.997278
0 0.4934 0.312224 0.215656 0.162658
0 0.430801 0.500181 0.571893 0.999104
0 0.479945 0.314506 0.203946 0.158245
0 0.56069 0.675099 0.129582 0.0694133
0 0.465256 0.50265 0.44864 0.993323
0 0.579748 0.243359 0.124061 0.0783223
0 0.439737 0.305509 0.202091 0.15379
0 0.4417 0.504764 0.409501 0.98731
0 0.394656 0.268178 0.206439 0.160028
0 0.472804 0.635051 0.137358 0.0690483
0 0.372833 0.499375 0.47051 0.996712
0 0.521112 0.206897 0.0625162 0.0593188
0 0.513592 0.209542 0.0520005 0.0528401
0 0.376637 0.253478 0.214956 0.163995
0 0.495331 0.189661 0.0721083 0.0619124
0 0.363491 0.498472 0.473585 0.996893
0 0.375092 0.267976 0.223911 0.172426
0 0.497395 0.213191 0.0599895 0.0443082
0 0.434822 0.307689 0.233513 0.182589
0 0.421429 0.499773 0.506539 0.998392
0 0.497378 0.362651 0.253557 0.194208
0 0.628014 0.280863 0.164811 0.104845
0 0.560089 0.411366 0.275533 0.207729
0 0.71745 0.342215 0.11649 0.0856784
0 0.430891 0.879502 0.134456 0.100296
0 0.705602 0.331312 0.10817 0.104758
0 0.442765 0.949706 0.149234 0.100277
0 0.595519 0.446654 0.313039 0.234241
0 0.408305 0.895601 0.163534 0.0784864
0 0.618262 0.457282 0.329762 0.24277
0 0.662863 0.496642 0.361395 0.264514
0 0.644503 0.516303 0.684954 0.967393
0 0.676693 0.543672 0.378438 0.277471
0 0.700042 0.581348 0.39012 0.285508
0 0.726387 0.605495 0.395311 0.285249
0 0.94864 0.530297 0.0981033 0.0955517
0 0.744248 0.625056 0.398294 0.289382
0 0.960224 0.548229 0.0795527 0.092984
0 0.739874 0.642478 0.402405 0.292625
0 0.720311 0.664178 0.406192 0.298936
0 0.947888 0.566047 0.104224 0.105894
0 0.657173 0.685605 0.415976 0.306033
0 0.64344 0.707356 0.417426 0.312064
0 0.865968 0.601114 0.0840988 0.0760478
0 0.883484 0.979845 0.112837 0.0396314
0 0.959677 0.599995 0.0723724 0.0557467
0 0.668619 0.739111 0.421169 0.322285
0 0.984176 0.617885 0.0310928 0.0459183
0 0.6627 0.739907 0.411462 0.314385
0 0.978541 0.629213 0.042345 0.0563815
0 0.629305 0.734465 0.404784 0.302865
0 0.586369 0.731446 0.401642 0.296879
0 0.549747 0.728563 0.395906 0.292096
0 0.705336 0.564003 0.0458853 0.0538834
0 0.765881 0.61935 0.118914 0.086202
0 0.510259 0.720194 0.38572 0.286061
0 0.723156 0.612352 0.132029 0.0927033
0 0.477696 0.716961 0.385629 0.281669
0 0.774993 0.621372 0.0778649 0.061043
0 0.695845 0.620938 0.101246 0.0761114
0 0.508178 0.69789 0.377022 0.274609
0 0.544606 0.657397 0.366031 0.267386
0 0.82754 0.57049 0.071468 0.0571846
0 0.559105 0.631905 0.358315 0.26702
0 0.680618 0.472157 0.0813548 0.0759118
0 0.753321 0.559169 0.0659588 0.0405533
0 0.571495 0.619531 0.359394 0.262663
0 0.574494 0.59524 0.354452 0.260006
0 0.771738 0.51334 0.0939722 0.0675739
0 0.575236 0.555996 0.348577 0.254376
0 0.770557 0.490081 0.0865692 0.0441358
0 0.57165 0.515335 0.337149 0.250951
0 0.571317 0.487146 0.328143 0.247101
0 0.579839 0.477506 0.320932 0.248439
0 0.685952 0.332894 0.0626247 0.0705571
0 0.759843 0.405914 0.0789497 0.0663542
0 0.588526 0.479958 0.321996 0.244053
0 0.576995 0.469856 0.316768 0.245506
0 0.682518 0.3278 0.0637828 0.0703714
0 0.561113 0.457399 0.310402 0.241407
0 0.732336 0.389219 0.0725201 0.0564345
0 0.662894 0.317025 0.0603753 0.0711648
0 0.423082 0.359675 0.191797 0.100755
0 0.757967 0.37896 0.114068 0.075518
0 0.571943 0.463441 0.299033 0.234698
0 0.670622 0.325773 0.0640009 0.0767934
0 0.563857 0.483458 0.305964 0.239668
0 0.728466 0.418987 0.062553 0.0468221
0 0.565455 0.511434 0.308838 0.244319
0 0.574202 0.531736 0.311003 0.243825
0 0.676599 0.387976 0.0609365 0.0692626
0 0.577727 0.504375 0.306582 0.23989
0 0.744189 0.418993 0.0914119 0.0901321
0 0.679408 0.373307 0.0549142 0.0467665
0 0.756531 0.424812 0.112394 0.0780513
0 0.583431 0.521027 0.306811 0.243959
0 0.72555 0.414672 0.140048 0.131284
0 0.578144 0.548401 0.308366 0.246021
0 0.680982 0.404456 0.0621527 0.070084
0 0.571744 0.55383 0.307221 0.239833
0 0.571785 0.545838 0.307123 0.240748
0 0.740605 0.471283 0.0731474 0.0671232
0 0.573335 0.534456 0.301448 0.238637
0 0.672661 0.391816 0.061548 0.0694649
0 0.566748 0.524507 0.309478 0.243246
0 0.669405 0.384779 0.06369 0.0662876
0 0.566186 0.524314 0.307469 0.242844
0 0.66779 0.382536 0.063415 0.0690478
0 0.566811 0.524041 0.308747 0.242897
0 0.668232 0.381479 0.0608532 0.0675745
0 0.562604 0.520508 0.305856 0.241081
0 0.562632 0.511689 0.304622 0.238762
0 0.429589 0.421369 0.178033 0.0887428
0 0.564822 0.509695 0.303966 0.236293
0 0.666547 0.371658 0.0636729 0.0716817
0 0.573615 0.515266 0.302707 0.241308
0 0.581339 0.520456 0.304244 0.241273
0 0.749822 0.455741 0.0683314 0.0427626
0 0.681305 0.377168 0.0600662 0.0678331
0 0.580923 0.526894 0.302998 0.241351
0 0.680907 0.386916 0.060211 0.0700565
0 0.576325 0.533728 0.301697 0.24152
0 0.677135 0.391605 0.0589598 0.0682128
0 0.575349 0.537292 0.303066 0.240152
0 0.740097 0.472775 0.0682287 0.0457277
0 0.741348 0.464883 0.0728418 0.0619302
0 0.674814 0.395663 0.0598854 0.0682652
0 0.577127 0.535094 0.30263 0.242365
0 0.738811 0.457333 0.0827135 0.0734142
0 0.67524 0.393619 0.0574412 0.0676045
0 0.712655 0.428523 0.134855 0.130626
0 0.573752 0.536787 0.304303 0.240764
0 0.577473 0.537892 0.304799 0.240637
0 0.677651 0.396049 0.0595253 0.0678793
0 0.722027 0.433442 0.149389 0.127441
0 0.575581 0.533203 0.303014 0.240678
0 0.741614 0.46022 0.0768477 0.0646324
0 0.577645 0.527458 0.296202 0.238104
0 0.676615 0.387257 0.060429 0.0749537
0 0.573005 0.529111 0.304225 0.240197
0 0.567892 0.531148 0.306639 0.239402
0 0.66839 0.390199 0.0647726 0.0761784
0 0.560247 0.53797 0.308701 0.241476
0 0.558275 0.542028 0.308901 0.24208
0 0.660434 0.401447 0.0601589 0.0629769
0 0.724908 0.458051 0.0876714 0.0786268
0 0.674741 0.408598 0.0314752 0.0467548
0 0.565702 0.545538 0.307629 0.241358
0 0.734579 0.473374 0.0682052 0.0614795
0 0.667984 0.403827 0.06039 0.0663345
0 0.704078 0.447661 0.131828 0.11474
0 0.564453 0.544487 0.306059 0.241933
0 0.728657 0.470696 0.0740611 0.0568667
0 0.711068 0.449743 0.114865 0.098159
0 0.759849 0.465066 0.120958 0.0670025
0 0.584548 0.553969 0.303636 0.239025
0 0.745409 0.490452 0.0562628 0.0462924
0 0.586999 0.568274 0.303548 0.241727
0 0.687818 0.424125 0.058053 0.070446
0 0.606553 0.523035 0.678747 0.95393
0 0.755962 0.50255 0.0692513 0.0439051
0 0.581463 0.570698 0.309507 0.247401
0 0.753943 0.504419 0.0713579 0.0443038
0 0.568699 0.5703 0.310171 0.242949
0 0.743314 0.503154 0.0763709 0.0508988
0 0.671783 0.426884 0.0640646 0.0680442
0 0.56961 0.570777 0.310144 0.243187
0 0.574731 0.581494 0.307408 0.245508
0 0.574686 0.579736 0.308243 0.247006
0 0.739827 0.503678 0.0693421 0.0610328
0 0.572563 0.563319 0.30668 0.236387
0 0.676253 0.425594 0.064437 0.0779374
0 0.573071 0.554171 0.306121 0.240152
0 0.580889 0.551453 0.308628 0.241984
0 0.684941 0.40727 0.0655005 0.0726772
0 0.578674 0.570531 0.307134 0.243273
0 0.600587 0.526742 0.691251 0.946516
0 0.677036 0.425489 0.0525351 0.0676176
0 0.59418 0.583724 0.307773 0.249
0 0.698085 0.43842 0.0650011 0.0691313
0 0.606927 0.571581 0.30935 0.240687
0 0.709829 0.430676 0.0595274 0.0663209
0 0.775869 0.500293 0.0787611 0.0592454
0 0.799272 0.488204 0.118227 0.084204
0 0.616991 0.562115 0.295406 0.238112
0 0.715447 0.422667 0.0581318 0.0698399
0 0.625838 0.567197 0.299041 0.238864
0 0.725531 0.426948 0.0589428 0.0692814
0 0.643585 0.585596 0.302549 0.242599
0 0.810336 0.522881 0.0718048 0.0494446
